1 75
1 75
1 75
1 75
1 75
1 75
1 75
1 75
1 75
1 75
1 75
1 75
1 75
1 75
1 75
1 75
1 75
1 75
1 75
1 75
1 75
1 75
1 75
1 75
1 75
1 75
2 75
3 75
4 75
5 75
6 75
7 75
8 75
9 75
10 75
11 75
12 75
13 75
14 75
15 75
16 75
19 75
20 75
21 75
22 75
22 75
22 75
22 75
22 75
22 75
22 75
22 75
22 75
22 75
22 75
22 75
22 75
22 75
22 75
22 75
22 75
22 75
23 75
24 75
25 75
26 75
27 75
28 75
29 75
30 75
31 75
32 75
33 75
34 75
35 75
36 75
37 75
38 75
39 75
40 75
43 75
45 75
48 75
50 75
53 75
54 75
55 75
56 75
57 75
58 75
60 75
65 75
68 75
70 75
73 75
75 75
78 75
80 75
83 75
85 75
88 75
90 75
93 75
95 75
100 75
105 75
110 75
115 75
120 75
130 75
140 75
160 75
180 75
200 75
230 75
240 75
260 75
280 75
320 75
340 75
360 75
380 75
400 75
420 75
450 75
